mimi,229,mimi Foto 1,0,
mimi,841,mimi Foto 2,0,
juju,173,juju Foto 1,0,
juju,742,juju Foto 2,0,
juju,265,juju Foto 3,0,
juju,925,juju Foto 4,0,
mimi,134,mimi Foto 3,0,
caca,813,caca Foto 1,0,